Входные данные:
N = 10
Массив А:
  -1	   2	   3	   4	   5	   6	   7	   8	   9	 -10	
   2	  -3	   4	   5	   6	   7	   8	   9	 -10	  11	
   3	   4	  -5	   6	   7	   8	   9	 -10	  11	  12	
   4	   5	   6	  -7	   8	   9	 -10	  11	  12	  13	
   5	   6	   7	   8	  -9	-100	  11	  12	  13	  14	
   6	   7	   8	   9	 100	 -11	  12	  13	  14	  15	
   7	   8	   9	 -10	  11	  12	 -13	  14	  15	  16	
   8	   9	 -10	  11	  12	  13	  14	 -15	  16	  17	
   9	 -10	  11	  12	  13	  14	  15	  16	 -17	  18	
 -10	  11	  12	  13	  14	  15	  16	  17	  18	 -19	
P = 0
T = 20
Массив С: -1  3  -5  7  -9  11  -13  15  -17  19  
Не все значения элементов массива С лежат между Р = 0 и Т = 20
